*Vertices
1	Afghanistan
2	Austria
3	"Bosnia and Herzegovina"
4	Bulgaria
5	China
6	Croatia
7	Germany
8	Hungary
9	Iran
10	Italy
11	"North Macedonia"
12	Others
13	Poland
14	Romania
15	Russia
16	Serbia
17	Slovakia
18	Slovenia
19	Syria
20	Turkey
21	Ukraine
*Edges
2	12	22.20022405308088
2	21	89.05549317600013
12	21	140.71854899697152
2	7	129.6350108409651
12	7	185.38800937359542
19	7	40.43465472161283
21	7	293.3677822827491
2	10	42.321841056048136
12	10	83.91214302125063
19	10	20.110612214680295
21	10	166.38729489304467
7	10	223.09717018274836
6	10	9.484310769877402
15	10	54.233399811696096
8	10	9.833651106722991
4	10	9.860072697723238
9	10	14.255183204461291
12	15	28.236314488996634
21	15	117.07375542137183
7	15	92.31246871058889
16	20	54.89715038881254
16	19	46.8162994950625
20	19	34.11435079320157
16	14	12.645712884636543
20	14	7.199209125743467
16	6	34.538719451603825
20	6	12.251574395946983
19	6	14.899648432691992
7	6	12.553160685028582
14	6	2.188353656481784
16	3	36.10646812122867
20	3	35.18315417021664
19	3	22.758236619523586
14	3	2.3762706102884703
6	3	19.424374960931516
16	4	25.32063723678722
20	4	31.401299191548198
19	4	30.318608861995607
7	4	2.745979274325995
6	4	4.874529542905622
3	4	20.691155882340183
16	11	9.477100730733353
20	11	19.047955077097697
19	11	1.0808384432175107
3	11	5.916938485496429
4	11	3.6601652210324023
21	8	3.8954868831177176
7	8	25.661585833999105
21	9	27.17166341097051
7	9	37.69691990562459
21	18	26.26850867924432
7	18	30.739236537610687
10	18	24.205973297756273